a,MDEwOlJlcG9zaXRvcnk0MDA5ODIxOA==,MDEwOlJlcG9zaXRvcnk0MDYyMTg5Mg==,MDEwOlJlcG9zaXRvcnk0Mjk3MDU5,MDEwOlJlcG9zaXRvcnk0MjYwODk4MA==,MDEwOlJlcG9zaXRvcnk0MTgxMDM3NA==,MDEwOlJlcG9zaXRvcnk0NTE3MzMy,MDEwOlJlcG9zaXRvcnk0NTE3NDIyMw==,MDEwOlJlcG9zaXRvcnk0NzA3Mjc3NQ==,MDEwOlJlcG9zaXRvcnk0NzE4MTI0,MDEwOlJlcG9zaXRvcnk0ODI3ODUyNA==,MDEwOlJlcG9zaXRvcnk1MjkwMDY2Ng==,MDEwOlJlcG9zaXRvcnk1NDAxMjk0Mg==,MDEwOlJlcG9zaXRvcnk1NDY5OTM3MA==,MDEwOlJlcG9zaXRvcnk1NTA2ODg3OA==,MDEwOlJlcG9zaXRvcnk1NTE0NzQwNg==,MDEwOlJlcG9zaXRvcnk1NTgwNDE0OA==,MDEwOlJlcG9zaXRvcnk1NTI5ODkzMQ==,MDEwOlJlcG9zaXRvcnk1NTMwNjYyNg==,MDEwOlJlcG9zaXRvcnk1ODY1NjYwMA==,MDEwOlJlcG9zaXRvcnk1OTA4Njc3Ng==,MDEwOlJlcG9zaXRvcnk2MjAxNTUzMQ==,MDEwOlJlcG9zaXRvcnk2Mjk2MjYwNg==,MDEwOlJlcG9zaXRvcnk2MjQxNzQ2Mw==,MDEwOlJlcG9zaXRvcnk2MzU0OTA2OA==,MDEwOlJlcG9zaXRvcnk2MzU2NjgyMA==,MDEwOlJlcG9zaXRvcnk2NDE1NDUwNw==,MDEwOlJlcG9zaXRvcnk2NTk0OTc=,MDEwOlJlcG9zaXRvcnk2NzA3Mjgw,MDEwOlJlcG9zaXRvcnk2ODkzNTgzMQ==,MDEwOlJlcG9zaXRvcnk3MDQ5MTg1MQ==,MDEwOlJlcG9zaXRvcnk3Mjg2NDUyNw==,MDEwOlJlcG9zaXRvcnk3MTYyMTkwNA==,MDEwOlJlcG9zaXRvcnk3NjkzMDE4NQ==,MDEwOlJlcG9zaXRvcnk3NTUzMTI3MQ==,MDEwOlJlcG9zaXRvcnk3NzE2OTgyMA==,MDEwOlJlcG9zaXRvcnk4MDAxOTMy,MDEwOlJlcG9zaXRvcnk4MjgyMTc1MA==,MDEwOlJlcG9zaXRvcnk4MjkzODk3OA==,MDEwOlJlcG9zaXRvcnk4MjM2NTIxNw==,MDEwOlJlcG9zaXRvcnk4MjU0MTI3,MDEwOlJlcG9zaXRvcnk4MTYyNjU2Ng==,MDEwOlJlcG9zaXRvcnk4MzE2MDk4Ng==,MDEwOlJlcG9zaXRvcnk4MzQwMDcw,MDEwOlJlcG9zaXRvcnk4MzY5OTQxNA==,MDEwOlJlcG9zaXRvcnk4NjAyNTgzMw==,MDEwOlJlcG9zaXRvcnk4NTM2MTIyNQ==,MDEwOlJlcG9zaXRvcnk4NzYxNjUwMw==,MDEwOlJlcG9zaXRvcnk4OTkxODAw,MDEwOlJlcG9zaXRvcnk5MjQ0OTk3,MDEwOlJlcG9zaXRvcnk5MTA1MDA4Nw==,MDEwOlJlcG9zaXRvcnk5MTE2NTcy,MDEwOlJlcG9zaXRvcnkxMDA0ODM=,MDEwOlJlcG9zaXRvcnkxMDcyNjQxMA==,MDEwOlJlcG9zaXRvcnkxMDg2ODcyMDM=,MDEwOlJlcG9zaXRvcnkxMDg5NTU0MzI=,MDEwOlJlcG9zaXRvcnkxMDIzMDI2MzM=,MDEwOlJlcG9zaXRvcnkxMDQ0MjA1Mg==,MDEwOlJlcG9zaXRvcnkxMDQ5MTU5MA==,MDEwOlJlcG9zaXRvcnkxMjAxNDQwMQ==,MDEwOlJlcG9zaXRvcnkxMjc1OTQ1MDc=,MDEwOlJlcG9zaXRvcnkxMjczMjg2MDQ=,MDEwOlJlcG9zaXRvcnkxMjExMDA4MDc=,MDEwOlJlcG9zaXRvcnkxMjkzOTc4OQ==,MDEwOlJlcG9zaXRvcnkxMjM2OTM1Ng==,MDEwOlJlcG9zaXRvcnkxMjQ4NTAzMzg=,MDEwOlJlcG9zaXRvcnkxMjU3MzAwNTQ=,MDEwOlJlcG9zaXRvcnkxMjUzNDQ1OQ==,MDEwOlJlcG9zaXRvcnkxMTgxNDc4MTk=,MDEwOlJlcG9zaXRvcnkxMTMyODI4OTg=,MDEwOlJlcG9zaXRvcnkxMTUzOTg3MDE=,MDEwOlJlcG9zaXRvcnkxMTYwMzY2OTM=,MDEwOlJlcG9zaXRvcnkxMzc1MzY3Mzk=,MDEwOlJlcG9zaXRvcnkxMzc3NDI1OA==,MDEwOlJlcG9zaXRvcnkxMzEyNDQ2ODU=,MDEwOlJlcG9zaXRvcnkxMzg2NTA0NjY=,MDEwOlJlcG9zaXRvcnkxMzI4MjAzNzA=,MDEwOlJlcG9zaXRvcnkxMzk1OTUxMzM=,MDEwOlJlcG9zaXRvcnkxMzk3MzMxNzY=,MDEwOlJlcG9zaXRvcnkxMzMxOTc5Mg==,MDEwOlJlcG9zaXRvcnkxNDI0NDIzMzY=,MDEwOlJlcG9zaXRvcnkxNjc3NjExNw==,MDEwOlJlcG9zaXRvcnkxNjcwNDkyMA==,MDEwOlJlcG9zaXRvcnkxNTc0MjI1Nw==,MDEwOlJlcG9zaXRvcnkxNTE2ODkyMA==,MDEwOlJlcG9zaXRvcnkxNTEwMDc3ODA=,MDEwOlJlcG9zaXRvcnkxNzAzNzk0MDA=,MDEwOlJlcG9zaXRvcnkxNzcxMTQ0NzE=,MDEwOlJlcG9zaXRvcnkxNzE0NTI3,MDEwOlJlcG9zaXRvcnkxNzg0NDc0Nw==,MDEwOlJlcG9zaXRvcnkxNzg0OTI3OQ==,MDEwOlJlcG9zaXRvcnkxNzI0MDIwOQ==,MDEwOlJlcG9zaXRvcnkxNzIwMTc0Mg==,MDEwOlJlcG9zaXRvcnkxNzk0NDE0MA==,MDEwOlJlcG9zaXRvcnkxNzMxMzQ5NQ==,MDEwOlJlcG9zaXRvcnkxNzU0MTcyMDY=,MDEwOlJlcG9zaXRvcnkxODgzNDk4,MDEwOlJlcG9zaXRvcnkxODI1NjIx,MDEwOlJlcG9zaXRvcnkxODk0Mzk5MQ==,MDEwOlJlcG9zaXRvcnkxODMwOTQwMA==,MDEwOlJlcG9zaXRvcnkxODQwMjMyMw==,MDEwOlJlcG9zaXRvcnkxODYwMDc=,MDEwOlJlcG9zaXRvcnkxOTM5MjM1NzA=,MDEwOlJlcG9zaXRvcnkxOTU4ODM2MTU=,MDEwOlJlcG9zaXRvcnkyMDEwNjk4MjQ=,MDEwOlJlcG9zaXRvcnkyMjAwNjY2Nzk=,MDEwOlJlcG9zaXRvcnkyMjg5NjIxMjc=,MDEwOlJlcG9zaXRvcnkyMjI1MjYwMjc=,MDEwOlJlcG9zaXRvcnkyMjMyMzgwNzQ=,MDEwOlJlcG9zaXRvcnkyMjQyMDE1NDY=,MDEwOlJlcG9zaXRvcnkyMTAyOTc3MjQ=,MDEwOlJlcG9zaXRvcnkyMTEyOTg1OTY=,MDEwOlJlcG9zaXRvcnkyMTI2MjkzNTg=,MDEwOlJlcG9zaXRvcnkyMTM3NTA3ODc=,MDEwOlJlcG9zaXRvcnkyMTMzMDcwNQ==,MDEwOlJlcG9zaXRvcnkyNDMyMTA3NTk=,MDEwOlJlcG9zaXRvcnkyNjk5NDM3Mg==,MDEwOlJlcG9zaXRvcnkyNTcyNDcwNzY=,MDEwOlJlcG9zaXRvcnkyNTkyMTcwMQ==,MDEwOlJlcG9zaXRvcnkyODkwOTI5,MDEwOlJlcG9zaXRvcnkyODY1NzUwMw==,MDEwOlJlcG9zaXRvcnkzMDYwNzc3,MDEwOlJlcG9zaXRvcnkzNDc3NzU5,MDEwOlJlcG9zaXRvcnkzNjQ1NzY2OQ==,MDEwOlJlcG9zaXRvcnkzNTc5MTI5Ng==,MDEwOlJlcG9zaXRvcnkzNTI2ODQzOQ==,MDEwOlJlcG9zaXRvcnkzNTk0MjIxMQ==,MDEwOlJlcG9zaXRvcnkzNTMwMDg1,MDEwOlJlcG9zaXRvcnkzNzAzNjMx,MDEwOlJlcG9zaXRvcnkzNzY0NjA2NA==,MDEwOlJlcG9zaXRvcnkzODIyOTU3,MDEwOlJlcG9zaXRvcnkzODU5NDY5OQ==,MDEwOlJlcG9zaXRvcnkzOTM1ODU1Mg==,MDEwOlJlcG9zaXRvcnkzOTU1MzMwMw==
MDEwOlJlcG9zaXRvcnk0MDA5ODIxOA==,1.0,2.714738006273614E-6,0.06198735622942663,0.007681108841403063,8.888068426061153E-7,0.06576788076361711,1.4345104470661447E-6,0.06117122945467139,0.03538609619406231,0.06154617930049913,0.03635418811750246,0.006157755819908698,0.0051453090252449275,0.04292921544876434,4.999402322174456E-7,3.326098754138226E-7,1.8679946738035795E-5,0.024560295451412664,0.009887810563357424,0.03369546994584375,0.06266644039849194,0.01809028580336843,4.311351514458166E-6,9.73312521725369E-6,0.031007450578988408,0.030353423957765243,0.02171252237663794,0.002101161969640703,0.02185135628277893,8.971005801697861E-6,0.008517839906666859,0.010453260618760967,0.10041400542388104,0.004439715957118009,1.6027582893415255E-9,1.3029017409846871E-5,0.008725307417397937,0.08014889668938736,6.498146620992566E-7,0.06924091036950711,0.012467220062515705,1.5342114412122154E-5,0.036195095201574594,0.02439906087032177,0.00474824452347489,0.019871407022812083,0.0019660733278194396,2.9687184158599536E-6,0.00878303439995995,0.022160428723250466,2.0310236151452097E-6,0.023767688585912158,0.021885065899827926,1.1423319773302993E-5,4.996746242133433E-5,0.007190288835727185,0.01067155093100897,0.06226224011028267,0.0324571935431094,5.9595440618733985E-6,2.939287417540655E-5,1.5429318493228357E-6,4.171418627828724E-6,1.1742969238429728E-5,0.006711021572352611,7.792100454755188E-8,0.03517252834008393,0.02208441462512265,0.05438502078202486,0.034396574722101135,1.7103586910633295E-5,3.149921983186038E-6,0.006682740575240238,0.04380052480422622,0.007192928396730885,0.022286339606138704,8.391241434195114E-7,7.526773232212445E-7,0.07211639979435717,5.707808832738611E-7,2.6107486749240058E-5,0.018305241518618523,0.014295399459288097,2.0045403403456624E-5,4.323194008673298E-5,0.039699425142539976,0.01575789450474848,0.0025987303391060645,0.013895252799693723,0.045869301916671004,2.07920390723315E-5,0.029460944304644108,1.9730672406269193E-5,0.4164004337978887,1.0027487031333678E-5,0.04547110262622306,2.0779225186361877E-4,1.1788988336917608E-5,4.206369313912551E-5,0.010342833935445502,6.396962329504189E-5,8.292359610577141E-8,0.027452278277540848,2.3136554475660556E-5,0.019844925072364697,0.034449134549027725,1.039467097942383E-5,0.06908011202114304,7.152333173443068E-5,2.1386159130686355E-5,9.096146087416973E-4,3.6448767973686004E-6,1.440740812140069E-4,5.537436975395003E-5,0.027093909025755904,0.05939743650367126,4.284104364345596E-5,0.026390807825123097,1.2901795574653217E-5,2.2189570750078195E-5,2.1136424457043544E-5,0.02749542619747249,0.011671247555315374,9.281770707708039E-7,0.0,5.5589922433056E-5,0.14462445275280406,0.0,1.6383048841247408E-6,0.006823616356146235,0.003736413782300909,0.02275064730652069,0.032982061505550636
MDEwOlJlcG9zaXRvcnk0MDYyMTg5Mg==,2.714738006273614E-6,1.0,0.1283407141951741,2.1192582604038577E-5,1.421713416350949E-6,0.3624926737802362,5.187086288763198E-6,0.5456178201786408,1.0731667974954475E-6,1.6107020090555745E-5,1.8808234137614134E-4,0.6033660735822617,0.6707422995909157,0.06825223790946512,1.9718241856398685E-6,2.184097594406241E-5,1.7460708877164115E-4,1.5723111343921603E-4,1.837075501242034E-4,0.017165079485362143,8.892294559696587E-5,3.2454027992322035E-4,8.65475959446752E-5,6.235630450106187E-5,4.878690152127593E-4,1.0554290783168278E-5,1.6875990856825813E-4,0.015884296164840217,0.07646663497358057,2.3028314979138736E-5,1.4608372103481466E-7,5.633164727386039E-5,0.06317147698042427,2.9201344486982976E-7,0.018381969503603362,0.015012268974201222,1.0214892703869042E-5,9.90338983212766E-5,0.46402514941940903,7.190539174339975E-6,2.4362544389662405E-6,1.1011227343530353E-4,3.4737225795850126E-5,1.1038717264028274E-4,0.6214415061942488,0.025261179354259207,0.008564786370900643,1.4754684071779722E-5,0.08186641943335145,1.1161657988720739E-5,0.1262600068121459,4.216412056207323E-5,0.0018345230970253376,0.014586922249742616,1.8532509574362312E-4,0.016705134245538322,1.0254470144291959E-5,1.157612281529017E-4,7.49504487351347E-5,6.066703666633137E-5,3.013592658192628E-4,0.7491674767187688,0.01032575532063834,0.07085678956544177,0.37909119850539774,6.542954562082295E-5,4.9148984941322056E-5,2.6986184209367617E-5,1.7383684685306213E-5,4.117396324033367E-5,0.11263610709078853,4.016271848236191E-5,2.022391629645913E-6,0.04203090660889012,1.0169210135236864E-6,3.739488735505411E-4,0.028760614084136736,0.5663027954006797,1.2693994908081203E-4,3.6895743142244803E-6,2.8287378623011933E-5,0.023069989249228845,0.026904362715259148,0.012859233678761236,1.1043781488309091E-4,5.595722868127366E-5,0.11936875328201085,0.34864844165322906,0.06999199510057859,0.21525121428172214,0.02663683016713145,0.6537295861983624,6.261437274588014E-5,2.7000531256554074E-5,2.015025232111767E-5,8.550348843236975E-4,0.0012501827579569447,0.09546965177767458,0.07820510054308617,0.0016992871647295757,0.0027697492094123964,0.002184563481552731,1.5837038572719377E-5,2.668838434757176E-4,1.9383893283108115E-4,4.964074343453651E-5,3.828108988751561E-5,0.45212907112002,0.0030324474712485157,8.331629787140418E-5,0.0017970076630894312,0.010083971582230589,0.0012413272784121308,6.290032086177165E-4,0.01139463806423624,9.157466527341845E-5,0.024864605506321198,0.0019210553111643006,2.5618614059852226E-5,1.023769560421397E-4,1.0059860964087537E-4,0.00670556565961086,3.1938019125163135E-5,2.1145525023993436E-5,0.0,5.53146724552636E-4,2.352776162136937E-5,0.0,1.8407790179134545E-5,6.7829521308019385E-6,0.034881358840941346,4.056438580824242E-6,2.897799109553053E-5
MDEwOlJlcG9zaXRvcnk0Mjk3MDU5,0.06198735622942663,0.1283407141951741,0.9999999999999999,0.27940851321533533,3.867078709961865E-8,0.2526421514992936,0.02225384011471187,0.33119154073879176,0.3459706564147577,0.2520316961322794,0.3570362785248603,0.3526905677062402,0.3211406084481403,0.36366812503742996,0.30476511653196897,0.061819045510141384,0.166817351815446,0.27857068704874827,0.010356903352588766,0.47752675420595503,0.5453354576546129,0.2849298818900708,0.0907587159874034,0.3497715047120482,0.0256921393742111,0.08419142748132634,0.408107435422544,0.2734297881187637,0.09949853422286556,0.3558495470802209,0.15026280506812764,0.149392511467251,0.15563528304448984,0.004816755132520183,0.037941716500966165,0.028791850446313962,0.49941245204243784,0.2197351313344977,0.38230843141429793,0.4535301937698819,0.02440730068387089,0.3677834787721366,0.18984928762099848,0.44489510396906917,0.31711277218142475,0.15392208224623136,0.07567330956234444,0.13917114660266108,0.27587079376568674,0.0988547354400337,0.26284338521799405,0.08710020008470717,0.17854805625054354,0.003207544601508423,0.32305881228436795,0.509387881543268,0.3903097827778864,0.3173374768045006,0.029056292209042794,0.07794136176059212,0.004455978352827431,0.26366768474943447,0.19088540302998294,0.41108840574451455,0.4937694149259461,0.10613730238688619,0.12649427499436755,0.36785326955284897,0.11816490154717876,0.04527929241085144,0.2333129463831485,0.040949225048759134,0.26524307056302976,0.539414627302912,0.04991120526299413,0.2717154680874724,0.3760879868891376,0.05263866841377427,0.37678474100882364,0.010297856719229993,0.2563703515984803,0.07115096246519542,0.35172201592513375,0.10623586555262098,0.5271943725204178,0.2083711243861584,0.32837773081293137,0.5266580646042529,0.15636055168810117,0.5726384728167618,0.11695228002484764,0.3415173692857825,0.46526678952157013,0.22829943369768685,3.171673334339904E-4,0.5130454253640945,0.0045124325598433915,0.1978661304605313,0.16278875439063795,0.40853869625301864,0.04462853860910243,0.4046974084090472,0.4206805526103319,0.002489852598355318,0.01916871190288423,0.051863670830319154,0.08571326252337311,0.33386373990601775,0.0450929067434676,5.399523996067949E-4,0.012888682275226057,0.02146241653294821,0.00917184309829529,0.007839493153989104,0.22942530757485824,0.38325718524604735,0.3221477511752415,0.1479837542299178,4.885193375036484E-4,0.4668920380045528,0.25144787884060654,0.2401710338994702,0.5387854790657564,0.36857475558985564,0.0,0.41785979141897767,0.22893646252879143,0.0,0.06194475456782299,0.37752093417443144,0.4442107195302259,0.14990162434208676,0.5434883248618708
MDEwOlJlcG9zaXRvcnk0MjYwODk4MA==,0.007681108841403063,2.1192582604038577E-5,0.27940851321533533,1.0000000000000002,9.634114420962508E-5,0.11555115087188363,4.5612273895505117E-4,0.17189868336854694,0.2714289955317591,0.060952521081005344,6.451981307051841E-4,1.3073349158405142E-4,4.5572474061526103E-4,1.815385390698589E-4,2.0268405254698712E-4,4.01914263246708E-4,9.287361812498555E-4,0.20205332846258472,7.494603759838678E-4,0.0873896814987897,0.04326639255947666,0.11295025940073154,0.0012568396903743285,1.408873510332397E-4,5.9187183942306734E-5,0.04959207913387685,3.2460162252219627E-4,0.012930618510094982,0.005476870180075619,5.090223810295404E-4,0.011601157421110984,0.0314904763422031,0.006911674158168187,5.593671232753668E-7,1.446707940873257E-7,9.063104532795931E-4,0.10689714794482928,0.10305663504868319,1.6948988688822542E-4,0.14242242200262184,0.019114749413204582,9.483341847673945E-4,0.22267748455673947,0.3748307150522628,3.310262361138946E-4,6.042314575631907E-4,0.0010957023231040679,7.78320529786451E-5,0.21942539244195297,0.05826848734862846,0.001911394186429263,2.9449786769548036E-4,0.03276020419853378,0.25524153656115456,8.248463246712542E-4,0.06524619486534826,0.06578778531661891,0.014434858665821278,0.0013551569458438329,0.0011398217509694458,0.0024483435158615557,1.1503822822807353E-4,0.008202665293839074,0.1958451053223885,0.07620191466812799,6.540363390531182E-4,0.04303860883068352,0.27185925212972356,0.08350887740651032,2.4189349982236497E-4,0.0015228670133628256,6.3969516663614E-4,1.7325200282608307E-7,0.09823143678397944,0.02937166672034219,0.13538681726254054,1.6503111845299167E-5,2.7905341621679524E-5,0.11069270161038237,1.551091071157552E-4,0.001233604196799139,3.818314941164584E-5,0.08703280161019947,0.0018883225509939464,8.863198492675673E-4,1.9141970574946082E-4,0.09833503694242426,1.0184019957440061E-4,1.1735807527803775E-4,0.18038910161605332,6.033297205310232E-4,2.1783906189965597E-4,4.2535059591425415E-4,0.03754516273688138,9.740183268021185E-4,0.18234349412781595,0.0023675696084430597,0.0014019641300691338,8.572835741593787E-4,0.005519414626268054,0.006435381216229693,1.5363746518691825E-6,0.009341061465359601,0.00328021457126726,9.558230812350328E-4,4.4043404869079263E-4,3.0210682184848283E-4,0.2119634530346201,0.005958295407011071,3.675764933131284E-4,0.008674592156369407,3.4895286367925705E-4,1.1196606288070674E-4,0.004291737167477336,0.009203430965217984,0.03316757447266333,2.5320753177774215E-4,0.043612709246365976,4.952193889639976E-4,6.130802431422533E-4,0.1960373358755889,2.7006837486687555E-5,0.19130418791620582,2.5009632206702032E-5,0.0,0.32644313641885303,0.019403477072383,0.0,2.618672313475735E-4,0.003967841303078623,0.33609555817121634,0.03408261538249103,0.4042539092880262
MDEwOlJlcG9zaXRvcnk0MTgxMDM3NA==,8.888068426061153E-7,1.421713416350949E-6,3.867078709961865E-8,9.634114420962508E-5,0.9999999999999999,1.0562225910172532E-4,3.0788140765545705E-4,4.7691951567267906E-4,1.7032631928096383E-4,3.948162883801809E-6,7.818843747388998E-4,2.0113628178584575E-4,9.515655457709966E-5,1.2365830929646757E-5,3.5786575397898815E-5,1.7219452279395E-4,4.982138202725058E-4,2.925731587777876E-4,2.681344177710529E-5,6.780814714634455E-10,3.923559324054516E-5,2.9022206419188805E-4,2.2392238974043607E-4,5.1491068322415134E-5,7.145190794376918E-5,7.984068444082875E-6,1.5393763376098115E-4,2.4047569302061065E-5,4.174902900988999E-5,2.4144862399136395E-5,1.0026950408988628E-6,2.058458294584543E-4,2.490306439783545E-6,8.79584898092227E-8,1.3681125591313176E-7,1.1305404950807377E-4,3.8466880733937895E-5,1.0257050302261857E-4,3.1969581304966475E-5,4.057248029861862E-4,3.050815407161305E-6,1.7004325720098407E-4,5.361868078501818E-5,3.4955476971633106E-4,5.2665301746328646E-5,1.889008985178525E-4,1.3284009849820155E-8,2.0953747514749613E-6,4.4015391950011384E-4,4.323504135290521E-6,2.695836334759228E-4,1.0441297008317585E-4,0.01371779870015389,0.002095751388749246,7.015154219560438E-4,3.544343049571527E-9,5.304300386756514E-5,8.516772473622756E-6,2.2658604543063715E-4,5.2181580550147744E-5,6.380728748485232E-4,5.3758560811025646E-5,6.039695032759387E-5,2.0396110247187735E-4,1.0506444925908864E-4,0.3815875929544544,8.194678546110915E-5,7.840596017966903E-5,7.357664046493064E-6,1.0916374591973452E-4,1.8355695196224493E-4,1.2819618029938503E-4,9.089838870831912E-7,1.0993286560767352E-6,5.895532820630746E-6,3.754904190222576E-5,1.963386419069477E-6,1.4035314268438274E-5,7.26920688623974E-4,3.116099728562338E-5,4.619984319439949E-4,4.133370410051179E-5,1.813185155517129E-4,6.605060849982789E-4,4.789414414256908E-5,9.907486594284855E-5,6.712751878346899E-5,8.01947317653978E-6,1.4989371906409438E-5,3.7711190673091227E-5,1.133316445398764E-6,7.428147385230887E-5,4.003510323058716E-5,1.6531308567628847E-6,1.1492122235652598E-4,2.306458280693335E-4,0.001193914164290156,2.2112909211116806E-4,2.767214054370139E-4,7.000692698839232E-6,0.0025060006865087773,1.5173805305961927E-7,1.1467402518886695E-5,5.544777480609569E-4,2.4388134490263636E-4,4.317363213551572E-5,3.4044874397326725E-4,1.1762846581217487E-5,0.0023234537945479093,6.274327774988946E-5,4.557464107620354E-8,4.036632563694713E-5,5.0837931167698715E-5,5.658426404263893E-4,1.2154026833088859E-5,8.411322138499266E-4,2.295020970889694E-4,2.6621262272218637E-5,2.8213267315510543E-4,7.382111178680564E-5,1.149520381719286E-4,4.928332157669644E-7,5.964103162824115E-5,1.6053533062116224E-5,0.0,1.8825223028804338E-5,4.45171754765795E-5,0.0,6.675753642876958E-5,2.34977572569524E-5,5.296889525361471E-5,0.0143294701906197,1.0302395017332979E-5
MDEwOlJlcG9zaXRvcnk0NTE3MzMy,0.06576788076361711,0.3624926737802362,0.2526421514992936,0.11555115087188363,1.0562225910172532E-4,1.0000000000000002,2.915761080279106E-4,0.6661582770077084,0.21821387770703676,0.1222197842698414,0.011916998783332243,0.21476397513521825,0.2391491885096452,0.19884005565326598,1.5679123531399606E-4,3.720046239528064E-5,9.064547620982036E-4,0.0796923824936633,7.386713438814079E-4,0.11414328141080511,0.06971469170575847,0.08446359909956243,4.4689545996530065E-4,4.932053151649221E-4,0.0010790205437619727,0.21257199688249304,0.008106164529391332,0.04194656043088776,0.04572492485768478,0.04927660413658021,0.12772092790764347,0.1322703895190286,0.02808713841093518,0.017563618475825115,0.015034220176645139,0.18637776964233377,0.047436733024005494,0.16909832502110445,0.1654655019610002,0.1121261253137601,0.07396149108559268,0.0011358721968364577,0.1793250014222268,0.18379814000887548,0.22181142320067426,0.18247467440894516,0.13251154583746566,4.298471746461922E-5,0.13093144425894213,0.05168859671496995,0.08174536997656053,0.07007043771960812,0.14217512961988096,0.13090680388427425,0.0011477793479727596,0.08341882328876782,0.053126597422477446,0.04780859393486254,0.002324240872134212,0.03828509373898705,0.14982461523245819,0.2676031554133903,0.04765677267754715,0.24771022238116927,0.23477925500471572,3.1763129192832865E-4,0.052774870138837374,0.2213969028938265,0.10207347639613201,0.059611900452926914,0.07266082958879744,2.268178884904516E-4,0.02502580065513838,0.0907716129181738,0.023999465336214852,0.14486839463720455,0.03172759626134725,0.2696064935040955,0.08991211556765845,0.010077297101105116,0.030654234804698262,0.08001636396731188,0.19451535742911003,0.0389899078844646,0.06351308763839064,0.04774761038390062,0.16796552403541337,0.2225512584452243,0.045681291455047277,0.30242282650827224,0.20542726492573704,0.2430362390204296,0.028266589576683265,0.1630928031410418,8.509637735832544E-4,0.27096691935313033,0.0031970629841478427,0.06156260746126138,0.050417670826773335,0.029226375370633568,0.024906698918080908,0.013706461695613223,0.08760073088785487,0.23928941508732385,0.0982241898129069,1.0248838258893945E-4,9.488991369978373E-4,0.5005575439204052,0.029196922459523416,0.01662828709628935,0.004545675294072902,0.006262902131822293,0.23806389762149432,0.08477037387930107,0.017166843162811182,0.06606837785005326,0.1634633543166489,0.15085968667523586,4.040957592803226E-5,0.1803433673024721,0.07856711800012978,0.26595825099039827,0.07744514317547362,3.0061767580922026E-4,0.0,0.1276964356396255,0.015688372660284396,0.0,7.941242532712383E-5,0.006226386006155796,0.29839496918681796,0.14159486082409717,0.1787800424094601
MDEwOlJlcG9zaXRvcnk0NTE3NDIyMw==,1.4345104470661447E-6,5.187086288763198E-6,0.02225384011471187,4.5612273895505117E-4,3.0788140765545705E-4,2.915761080279106E-4,1.0000000000000002,0.06828297927378178,0.013342838448834249,0.6556450217098112,0.007662858117380498,0.030377904157251237,0.033438158566412725,7.230401030565113E-4,0.6102182158611018,0.8640131821097541,0.00118716049520093,0.4391783429311061,0.19968828311226933,0.12279202716498525,0.0015218794925807996,0.0068579099608735055,0.3869121185505846,0.0011880958134149982,0.06746837661521818,0.10853115916189604,0.001802659489596336,0.11271870906374902,1.9125357202266153E-4,0.23910239559101668,0.1524034964442306,8.205171742450421E-4,0.09075458313308817,3.7877585776244233E-6,0.006208925496132921,0.0036521054020185162,3.360656966247324E-4,0.5664264117104424,0.039209814353537875,0.08153643747141424,1.1173931431760232E-5,7.623656466124098E-5,0.00794393601652474,7.517226188178353E-4,0.10765233524297066,0.0026459684943521467,0.07634122055476628,0.045008755957811085,0.7034297369987151,0.08550254828324355,0.0017015781883752247,0.029442002705791014,0.5645120972482065,0.016137524489427933,0.1639922074525119,0.07070614626721156,0.0010037421946708194,0.018685386776075417,0.009452159530540164,0.6052366916517345,0.003254749543090277,0.05147308022483188,0.7835136349753465,0.03793257335403383,0.0322365325009471,0.274699288592077,6.007549274740626E-4,0.19598918759983805,0.4258017929639748,0.0013169592034280185,0.006379331350012106,0.10778630443874046,0.5379825942894603,0.2508546512383602,0.12871741418900798,0.008877387437580505,0.10209543960761693,6.910114224074653E-5,0.0043399802730210895,0.9540868018212493,0.6453373125073426,0.5833809398503511,0.05156652832584687,0.025362224781320445,0.0015668416503116214,0.4716126933801461,0.00180296357077324,0.034540591782366674,4.48381533347354E-4,0.07043265803985034,0.001342236827423594,0.06533236477981545,6.927506711938094E-6,0.027429150525625855,0.0011321548155292808,0.11719799745405757,0.014667926448053526,0.005958970931114631,0.00678009488836352,1.9736424884126396E-5,8.267562677677076E-5,0.015507273799694923,0.2861944007814998,9.743248436081487E-4,0.007023978072005963,0.002104802907321512,0.7918059329102444,0.015135647774500332,4.721875896673208E-4,0.6300109947396546,9.711806003095845E-7,4.4419453900150014E-4,0.00468992249085851,0.006925643757872386,0.015440308843618201,0.07242344618463403,6.390011401859827E-4,0.5889150374459833,0.0025841028996314765,0.0013048043555045365,0.21527421492721147,0.077327764591453,0.207568511061881,7.021496228655917E-4,0.0,0.3555502592618222,1.856704401577052E-4,0.0,0.8645918559218982,5.505348075978573E-4,0.33390794302394644,0.5868173126296387,4.201244827641777E-4
MDEwOlJlcG9zaXRvcnk0NzA3Mjc3NQ==,0.06117122945467139,0.5456178201786408,0.33119154073879176,0.17189868336854694,4.7691951567267906E-4,0.6661582770077084,0.06828297927378178,0.9999999999999999,0.2715120268758524,0.1630924805729982,0.010986722331118593,0.3738794002904772,0.4393020144789047,0.20090008800485684,0.06435665631656766,0.0924024912015924,0.010534719218470294,0.13152204474038393,0.23072715962721851,0.14795271303632582,0.051683866689301514,0.16067443625959754,0.01674440002565269,0.0023031227280895577,0.08158018589021689,0.029652921018198414,5.330679660495472E-4,0.06343740756547864,0.06787008809099399,0.0958363949571608,0.1280790625047471,0.05305574544830645,0.059895040365790575,0.002795672221422493,0.022618915385184415,0.27489874280755316,0.06748130522723282,0.2820271988469827,0.31276787222772723,0.18477360169518853,0.11159609248174689,4.375285235982086E-4,0.27809832352414354,0.2725348220362762,0.40525460113650985,0.26694190509202825,0.012095213217760732,0.04991172517019325,0.19874982736313584,0.07013901422487212,0.13164763041231117,0.07768979365826106,0.20049298210361835,0.05571867077801016,0.013633164765833681,0.14161697610703924,0.08151398788717694,0.0290036016006684,0.00622273287672195,0.05446790017275274,0.2207803874062541,0.4450264100474094,0.13247070151163057,0.3750358285725252,0.3627360608065961,0.09885836795319314,0.05768220904712379,0.16577230298908624,0.13600122910269966,0.09332538485952409,0.11859638156409792,0.0013784014248603461,0.01265575024359482,0.15658961770280166,0.03591232504325721,0.1687435182884938,0.04738197031396332,0.40562659348625757,0.1327329867851875,0.029549982967009558,0.0029155660000163516,0.21219667965200792,0.35050156280801853,0.07179260189761666,5.739039978171362E-4,0.15227027266506524,0.24448857736212581,0.2570211151044306,0.07203777051660003,0.40994911970323933,0.37690818565776835,0.4235571190152864,7.926081409264886E-4,0.2618616609043931,0.0033541599357238524,0.2838766951937099,0.006322426778498311,0.10095574364528949,0.08265493669100875,0.021974098236818954,0.10114331354148547,0.0032686881015328156,0.04615121765862752,0.23541486705688963,0.15678347803075032,1.3749590294635377E-5,0.08425136330980153,0.6576796856695852,0.11897742382388138,0.028390479528242505,0.007223299923944679,0.010892393454889128,0.21886812721276186,0.03802533208149423,0.021457222815147926,0.129367998860419,0.1972621082820311,0.21783641754410124,0.0017722060822407675,0.110555989371071,0.3684628200968529,0.10012209279583216,0.23892974894497418,0.001161192345221748,0.0,0.37071457700275173,0.024660089092609038,0.0,0.09227407426298019,0.007379782721129113,0.40452127062403503,0.19997807250557464,0.2570346438175611
MDEwOlJlcG9zaXRvcnk0NzE4MTI0,0.03538609619406231,1.0731667974954475E-6,0.3459706564147577,0.2714289955317591,1.7032631928096383E-4,0.21821387770703676,0.013342838448834249,0.2715120268758524,1.0,0.15354734627836875,0.056120291053426745,0.0096473960839735,0.010761936402007342,0.10740703735576893,0.007526838075729637,0.006754691001634515,0.006367425467201152,0.2813906944993865,0.020372965111044142,0.13386249098487468,0.04619678659125358,0.09784663435733902,3.2009107374617474E-4,0.003249276943206751,0.07566315827461667,0.243148776105262,0.05543172071967697,7.578547960942678E-5,0.026538888666716214,0.003654903906711455,0.020023643520527046,0.04205755931757602,0.23868524473347247,0.02348187277725276,6.4711964636470675E-6,0.0032452069397473455,0.14966368801038477,0.14661767880927076,7.314482707853821E-5,0.1507801969097105,0.04385224277941924,0.001739875926620319,0.23410465123515722,0.4436175668931939,0.010032283005935547,0.04506611429223636,0.3329248451698116,2.917261062807492E-4,0.18821585503703991,0.1227177386765096,0.004059348732221107,0.031790133350355285,0.10334129845796153,0.03977116285664351,6.859087692686862E-4,0.10459900258301408,0.07129794424499464,0.06259702338621326,0.0607590807296728,0.004300796115349779,0.009580423536343996,2.2036178154608856E-4,0.11518552373165439,0.22508822265662315,0.12957184536699592,0.004179855053704737,0.09626919965828667,0.36513483176345,0.1286443902233726,0.04780223703272552,0.010769158786053383,6.078051971389279E-4,0.011747656040512778,0.15825325371179894,0.033930482017082535,0.14568873638495586,2.1171633154713084E-5,1.3580522976886514E-4,0.24309164805980785,9.609684348115512E-4,0.007267106745717174,0.3786586336691114,0.09862416391724356,0.01298423342095054,0.0040087145317391215,0.3960674823128503,0.14211837727613613,0.05587668692639397,0.03066727709794781,0.29960192024156923,0.03487996452820758,0.07016516562987508,1.543235342525214E-4,0.12913024149308538,0.0012612805862259283,0.3669322548546207,0.004889649224927666,0.009015397172003174,0.0030228226279370154,0.01577502596753823,0.010176682263581415,2.3207035057473824E-5,0.06473203843950741,0.5592090365662938,0.3287493155667147,0.03463786849884422,0.21644739174762664,0.2631733204115708,8.117092765079191E-4,0.001060294370824079,0.012121168968498833,0.05486121816928747,0.17867993271289162,0.08479554196664611,0.09623786017808776,0.15772817571423894,0.23729846550381167,0.09667092992143819,1.9118361273302267E-4,0.12291100709564884,0.21907032263191537,0.16894816070903174,0.24693347853199535,0.002649292183549747,0.0,0.3691783113750548,0.0902547525900472,0.0,0.007999738647740054,0.00977391880005811,0.5527214303457226,0.07447807029450362,0.5623925457381815
MDEwOlJlcG9zaXRvcnk0ODI3ODUyNA==,0.06154617930049913,1.6107020090555745E-5,0.2520316961322794,0.060952521081005344,3.948162883801809E-6,0.1222197842698414,0.6556450217098112,0.1630924805729982,0.15354734627836875,1.0000000000000002,0.43526663240260843,0.2591496231369077,0.21883647445799045,0.42487647203182083,0.5795296498621402,0.46055163184543024,0.16280189423918426,0.6212282022152372,0.021570924782650398,0.47059797870802594,0.41781706675441593,0.3261291892131654,0.09737253823778748,0.3396247856199259,0.07441532187363994,0.1183793659492725,0.39268936530271975,0.35652735787030493,0.4175130640343047,0.5204709793928396,0.2884560031808183,0.25280044819182074,0.35690334264447954,0.007214769464512113,0.008271771764876432,0.22945902791210623,0.3659042754301609,0.7811283577405805,0.2873197006172278,0.4088838098893295,0.045023052415032024,0.3574247884641296,0.2887326250335875,0.09715913769921738,0.257640730486238,0.3252165711872104,0.11062765558900216,0.13527935003214922,0.474839757428953,0.22417386189164498,2.1471646813009057E-4,0.07858724211623659,0.6855148359958901,0.0018128138671149113,0.12489609172571625,0.414675054215551,0.40983515952735516,0.2180972315775665,0.3990182031671297,0.3439027165873561,0.19463851536618265,0.15459491559409066,0.747283110444644,0.15661328481625392,0.36462076113858877,1.0378109251694684E-4,0.11199279690229066,0.2236753220102157,0.42563851577137457,0.06694856217923636,1.341212433936592E-4,6.018380674155014E-5,0.5755362187612244,0.5393227542779903,0.20432832818336852,0.3271690720832037,0.32223212682918667,0.08766303487321932,0.44315726507566416,0.6633633418217496,0.6322811804877629,0.41869590601005535,0.4697209294371625,0.45711654226275056,0.2914262007929281,0.4010998708974792,0.12565407967312822,0.2778691938636947,0.03005370980680673,0.383013653645639,0.259927886111365,0.24823619839144875,0.3543555812249504,0.3139395574876301,6.335789850007082E-5,0.19684616622597997,3.0303416436696447E-4,1.2432313773615857E-4,2.779391783997094E-4,0.3572562098952707,0.0013650947596501538,0.3695294765288497,0.41187124554034443,0.09155224165735598,0.1721711504625132,0.05336422908896679,0.42017757605790623,0.23544155944743372,0.0016676550066604167,0.4819041245213288,0.002956390411215556,3.4436906661367356E-5,0.20485171262680635,0.028625322358808124,0.22229510484518966,0.4210844291212361,0.34579812839656116,0.6836224109552476,5.654026829296764E-5,0.28970160935311884,7.125078620319689E-5,0.2748088957876538,0.37691190412284176,0.3580916448577044,0.0,0.2599643049332752,0.20667714093061135,0.0,0.4614395756901221,0.3687925395859018,0.25644498888104406,0.6755992962569749,0.07739220710181388
MDEwOlJlcG9zaXRvcnk1MjkwMDY2Ng==,0.03635418811750246,1.8808234137614134E-4,0.3570362785248603,6.451981307051841E-4,7.818843747388998E-4,0.011916998783332243,0.007662858117380498,0.010986722331118593,0.056120291053426745,0.43526663240260843,1.0,0.6513310906766745,0.5460783794089081,0.642544925134002,0.6477382767954147,0.0028299618110401805,0.4186634749237954,0.059118471662700685,0.04880984838201129,0.7908358292203088,0.7405386842478943,0.4631760171809802,0.0017565280838709747,0.8668976760752725,0.16568327898512733,0.052251359210866315,0.9130814931327165,0.5951646297542074,0.16306307960367555,0.8387959354544203,0.10963316117980157,0.14760974278947717,0.36479141649761776,0.008328859395179335,3.440520373982969E-6,0.0014162999210162828,0.9006310146964008,0.138797742586297,0.7358051279119283,0.44292600625512396,0.13037527030021534,0.9104102678927841,0.005125593312525066,0.038065171646938054,0.5918281313740553,0.21265623176648835,0.12921127652600767,0.3451057762886806,0.021196445478266095,0.08607035357107556,0.0024598334455890707,0.1534120936012094,0.3172324462971848,0.11736582653252575,0.3145958192376124,0.8815916310994143,0.8639303944640446,0.35813124158642945,0.07210866575466104,0.0017626224478417176,0.04974445354195662,0.3994157885871828,0.20743222957833682,0.002126820848809446,0.7413777496401713,0.002548921953846066,0.04967586043051152,0.04809006325655184,0.001730709960076322,0.20619224074515236,0.06492454968492027,0.0013334596597408524,0.4138631837337384,0.8217535578370205,0.0614924681468536,0.3735781117848186,0.6527638768287872,3.9937504879903344E-4,0.5861089347535204,0.0010442013107294658,0.38395893218427074,0.040325161249822085,0.5467987490273074,0.18528380071583314,0.6502884462600901,0.25074823609767566,0.01870998616104839,0.5974594274877028,0.028821831856199485,0.548502701630953,0.11878287756746055,0.5411087438879724,0.8740947052806393,0.4005913820369493,0.014417446276386732,0.2880664186658125,0.0364685078662199,0.08309444440316288,0.051837138732143385,0.8680452125873008,0.03716211463913022,0.911904949070282,0.41705808187064397,0.0036554062886447625,0.05261843690984578,0.14679985340471785,0.002822417307057284,0.005824930746947088,0.04230933947106163,0.060987380037033884,0.005366066719205951,0.01810703657989656,0.0029279375152024426,0.011511818250943395,0.5062280553957262,0.8193841207019678,0.6932246319650858,0.23411367853755116,0.11872912956257509,0.5417160348358704,0.006229245706078944,0.3424397093399,0.7250257967392812,0.9117998508240494,0.0,0.011227246227063073,0.08648689740355957,0.0,0.0028862031489636773,0.9135072486934666,0.008136390939980746,0.25205790706814585,0.07878595557346808
MDEwOlJlcG9zaXRvcnk1NDAxMjk0Mg==,0.006157755819908698,0.6033660735822617,0.3526905677062402,1.3073349158405142E-4,2.0113628178584575E-4,0.21476397513521825,0.030377904157251237,0.3738794002904772,0.0096473960839735,0.2591496231369077,0.6513310906766745,0.9999999999999998,0.9793320473898943,0.5356515535809063,0.5336586397110302,0.05753219184577044,0.3110687513132349,0.00831409373217465,0.08740323797308418,0.6427927202171141,0.556430695011964,0.35405909350806314,0.04974121333576738,0.6594093328722006,0.10623212979012688,0.005043964670853878,0.6670964595123604,0.45401172927003475,0.1769388837166724,0.6559342956758983,0.07556381196432127,0.10388740902938326,0.2002586420684703,0.0022712090855143093,1.9586399904575924E-7,0.002437722101972704,0.6750816525041217,0.08715241082836389,0.9524550352173137,0.4077072196926362,0.017225560020119633,0.6958961316434851,2.4521464559503143E-4,0.027652359290128093,0.9518389543276131,0.13706696326554993,0.09711317195118425,0.2795017878596147,0.09751293924973571,0.04075970467537619,0.0019996693100581826,0.11134065445580764,0.2420156639305428,0.0178286392865668,0.3857185794843063,0.7174318942977693,0.6439980511727188,0.24994582263775836,0.010377824293514592,0.037439217491055596,0.01862858759641342,0.9304745930513051,0.20995681791070323,0.007630348446449552,0.9083174080001135,0.06609338285500786,0.0069305500832138305,0.009747298837330862,0.011032153398387598,0.007952575946591725,0.024088634538776087,0.01976146970806891,0.30163709398801875,0.6246582181802335,0.050071575334347924,0.28742929135579537,0.5418728904260997,0.3477430509265651,0.376323659155369,0.01238619111544768,0.26302306138621534,0.04116346245767655,0.44015004327006974,0.13421415144364954,0.4958210371503566,0.24279365865245794,0.0054946418213791684,0.7516702737106637,0.005491045657070691,0.5720305307066994,0.11618989772906402,0.9181596974149152,0.6620099799397992,0.27071334791262575,0.005818530791356825,0.27312930683798087,0.009846859225284077,0.030692832686508357,0.024717528219628495,0.6744976918578492,0.03580349218265198,0.6917899872377903,0.31106291333512476,0.0011667590899918747,0.010752472428895654,0.0481068354968487,0.0524182412303129,0.2599281614870185,0.035997866960487436,0.023997090395135215,0.002545103485722858,0.006472117849437028,0.004004702494810579,0.0043663180716894765,0.34024439264083867,0.6102241500693341,0.5136369051487463,0.16254472163921246,0.04328978753939189,0.41224150599166487,0.07708605653978282,0.2570920940473048,0.5783473223472064,0.6959438650236343,0.0,0.051284611109362256,0.0658629225378845,0.0,0.05778829836916275,0.6949524555348431,0.06367819957703294,0.19196607652157155,0.013482755083035427
MDEwOlJlcG9zaXRvcnk1NDY5OTM3MA==,0.0051453090252449275,0.6707422995909157,0.3211406084481403,4.5572474061526103E-4,9.515655457709966E-5,0.2391491885096452,0.033438158566412725,0.4393020144789047,0.010761936402007342,0.21883647445799045,0.5460783794089081,0.9793320473898943,1.0,0.48422486129089304,0.44523792244754695,0.04814297226260191,0.30942184979673937,0.010019215585400953,0.14016964483048805,0.5519747826603332,0.46685181239773726,0.29213768577961663,0.0106336617815031,0.5501219679403326,0.1312748059372357,0.0028354718421075282,0.5598361306966957,0.37864228072770933,0.1630257356352874,0.5472671441396115,0.06333462918752339,0.08618405511696384,0.19331245097054442,0.0015150943619528536,1.7937629224491675E-7,0.0011914788896992537,0.5642125290275111,0.08020156730608895,0.9150013435664438,0.3479372376672069,0.01912321631115278,0.5813616816288136,0.004227726794390246,0.015701532081919583,0.9491402634638446,0.11677922322260015,0.08315425891030598,0.2466793138589609,0.0736085416480202,0.036952734794409484,0.0012199705107343493,0.10304773933860782,0.20727350385965465,0.05560856672836849,0.3357576968362518,0.6172889534339678,0.5420869522091656,0.21654440398692487,0.013645293554956604,2.989236982702511E-4,0.021800328249984374,0.9503893410685144,0.18934527286665678,0.0015801332232037396,0.8758287868689257,0.056205301318729466,0.028449484613859054,0.010653025712547472,2.7251020138892605E-4,0.008997297053839183,0.02573257005891572,2.3274733048883972E-4,0.2555188437666421,0.5325292076371416,0.03931967513825103,0.23995329743962432,0.45696406049801325,0.386670882676195,0.32282943134086584,0.016594150172054484,0.22423625085192705,0.06869488077890641,0.38226564653168976,0.1089323152632411,0.4129246591082812,0.20237250228314888,0.006569043111167883,0.7155593141064817,0.006848826426865631,0.5248349745292008,0.10305905241818132,0.9358928300351539,0.5532165471134759,0.24796902277434318,0.006302118288461014,0.2633968132484102,0.004314345402548632,0.03309232492572438,0.02754743182768588,0.552702804124183,0.04100403176447428,0.5784748038012484,0.27898026837578926,0.0035446974520274396,0.010671601510023375,0.053013034598205375,0.04358258332798566,0.28651687978577695,0.0409095352343525,0.026452795642879386,0.0028982607563796375,0.006885766421250469,0.009176595707581399,0.0076239835781555685,0.2889385710074753,0.5287408928599965,0.4274092935351276,0.1462108848111697,0.047520194255218515,0.3435607457977339,0.13156693813221182,0.22524708541863667,0.5165758663376869,0.5806759658779073,0.0,0.05430105080253333,0.05563596426965345,0.0,0.04817188031496808,0.5797032627232666,0.06099271282852218,0.16567676667804798,0.014851313830237432
