a,MDEwOlJlcG9zaXRvcnk0MzI2MTE3MQ==,MDEwOlJlcG9zaXRvcnk0MzYyODQ0Mw==,MDEwOlJlcG9zaXRvcnk0OTg5Njg4MQ==,MDEwOlJlcG9zaXRvcnk2NzQwMDg0OA==,MDEwOlJlcG9zaXRvcnk2NzY0MDYwOQ==,MDEwOlJlcG9zaXRvcnk3MTcwMDU4,MDEwOlJlcG9zaXRvcnk4NDcxNjQyNA==,MDEwOlJlcG9zaXRvcnk4NjE3NjkwMQ==,MDEwOlJlcG9zaXRvcnk4NTc4MjAxNQ==,MDEwOlJlcG9zaXRvcnk4NTUxMTU4Mw==,MDEwOlJlcG9zaXRvcnk4Nzc0MzQzNA==,MDEwOlJlcG9zaXRvcnk4Nzg0ODQwMQ==,MDEwOlJlcG9zaXRvcnk4NzU1NjgxNw==,MDEwOlJlcG9zaXRvcnk4ODQzMDcyMQ==,MDEwOlJlcG9zaXRvcnk5MDI0NDc4OA==,MDEwOlJlcG9zaXRvcnk5MjYzMjQ4Ng==,MDEwOlJlcG9zaXRvcnk5NDM5Mjc0Ng==,MDEwOlJlcG9zaXRvcnk5NDY1NDkwMA==,MDEwOlJlcG9zaXRvcnk5NTQwNjI4NA==,MDEwOlJlcG9zaXRvcnk5OTAyNTQ2Mg==,MDEwOlJlcG9zaXRvcnk5OTkyNzA5MQ==,MDEwOlJlcG9zaXRvcnk5OTM1OTU0NQ==,MDEwOlJlcG9zaXRvcnkxMDA4NzEwMzE=,MDEwOlJlcG9zaXRvcnkxMDk3MjI4NjE=,MDEwOlJlcG9zaXRvcnkxMDQwMjI4MDY=,MDEwOlJlcG9zaXRvcnkxMDU3MTI3OTk=,MDEwOlJlcG9zaXRvcnkxMDUzNjg5MTU=,MDEwOlJlcG9zaXRvcnkxMjAzNzY2OTc=,MDEwOlJlcG9zaXRvcnkxMjE3NzU3MTE=,MDEwOlJlcG9zaXRvcnkxMjE5NjM1MjE=,MDEwOlJlcG9zaXRvcnkxMjI4NjMxOTA=,MDEwOlJlcG9zaXRvcnkxMjIyNDk2NTI=,MDEwOlJlcG9zaXRvcnkxMjk1MDQ4MTM=,MDEwOlJlcG9zaXRvcnkxMjk4OTkwMjk=,MDEwOlJlcG9zaXRvcnkxMjM5MTQyNzg=,MDEwOlJlcG9zaXRvcnkxMjMzMjgyMjA=,MDEwOlJlcG9zaXRvcnkxMjQ2MTAzNTk=,MDEwOlJlcG9zaXRvcnkxMTA3Mjc3OTI=,MDEwOlJlcG9zaXRvcnkxMTc5NTkzNTc=,MDEwOlJlcG9zaXRvcnkxMTEwNDk1NDk=,MDEwOlJlcG9zaXRvcnkxMTgwNzYwOTI=,MDEwOlJlcG9zaXRvcnkxMTM2MzMxNzE=,MDEwOlJlcG9zaXRvcnkxMTMyOTUzMTE=,MDEwOlJlcG9zaXRvcnkxMTQyMDA2ODQ=,MDEwOlJlcG9zaXRvcnkxMTUyMDgxODE=,MDEwOlJlcG9zaXRvcnkxMTY1OTI0NjI=,MDEwOlJlcG9zaXRvcnkxMzA4NjAzNzU=,MDEwOlJlcG9zaXRvcnkxMzExNTMzOTI=,MDEwOlJlcG9zaXRvcnkxMzEyNjQ3NzE=,MDEwOlJlcG9zaXRvcnkxMzk0NjgyNzY=,MDEwOlJlcG9zaXRvcnkxMzkzMjMyMTQ=,MDEwOlJlcG9zaXRvcnkxMzM0MTUxMzc=,MDEwOlJlcG9zaXRvcnkxMzQ0MzEzMzk=,MDEwOlJlcG9zaXRvcnkxMzU5MTY2Nzc=,MDEwOlJlcG9zaXRvcnkxMzY3NDc1Mjc=,MDEwOlJlcG9zaXRvcnkxMzYzNTMyMzQ=,MDEwOlJlcG9zaXRvcnkxNDA1MDM5MzA=,MDEwOlJlcG9zaXRvcnkxNDAxODI0MDk=,MDEwOlJlcG9zaXRvcnkxNDk0ODcyMDQ=,MDEwOlJlcG9zaXRvcnkxNDQ0MDA1NzM=,MDEwOlJlcG9zaXRvcnkxNDQ3NTY3ODk=,MDEwOlJlcG9zaXRvcnkxNDY0NzQ1NDY=,MDEwOlJlcG9zaXRvcnkxNDY5NzIxOTE=,MDEwOlJlcG9zaXRvcnkxNjgyMTQ1NDE=,MDEwOlJlcG9zaXRvcnkxNjIwNzQ1MzM=,MDEwOlJlcG9zaXRvcnkxNjk4OTk5MDc=,MDEwOlJlcG9zaXRvcnkxNjU5MTk0NjY=,MDEwOlJlcG9zaXRvcnkxNjY0MTU1NDU=,MDEwOlJlcG9zaXRvcnkxNTA5MTkxNzI=,MDEwOlJlcG9zaXRvcnkxNTc0MjgyMzg=,MDEwOlJlcG9zaXRvcnkxNTk3MjI2NzE=,MDEwOlJlcG9zaXRvcnkxNTM3NjUyODg=,MDEwOlJlcG9zaXRvcnkxNTQzNzAwMzk=,MDEwOlJlcG9zaXRvcnkxNTU0NjE3Mzg=,MDEwOlJlcG9zaXRvcnkxNTYyOTkxOTI=,MDEwOlJlcG9zaXRvcnkxNzc1MDM0NTk=,MDEwOlJlcG9zaXRvcnkxNzE5OTUwNDA=,MDEwOlJlcG9zaXRvcnkxNzExNjE4MQ==,MDEwOlJlcG9zaXRvcnkxNzk1NDM3MDA=,MDEwOlJlcG9zaXRvcnkxODAwMDQ3MTQ=,MDEwOlJlcG9zaXRvcnkxODk3NTQ5MDc=,MDEwOlJlcG9zaXRvcnkxODU2ODkzMzU=,MDEwOlJlcG9zaXRvcnkxOTA2NzIwNTE=,MDEwOlJlcG9zaXRvcnkxOTk1Nzc4MTU=,MDEwOlJlcG9zaXRvcnkyMDc4MzUwNzE=,MDEwOlJlcG9zaXRvcnkyMDEyMDYxMDg=,MDEwOlJlcG9zaXRvcnkyMDEzMjA0NDI=,MDEwOlJlcG9zaXRvcnkyMDUyMzk2MDk=,MDEwOlJlcG9zaXRvcnkyMjY1MTU0OTc=,MDEwOlJlcG9zaXRvcnkyMjYwNjAwNA==,MDEwOlJlcG9zaXRvcnkyMTA0NTc2MjU=,MDEwOlJlcG9zaXRvcnkyMTgwMTg2NDc=,MDEwOlJlcG9zaXRvcnkyMTU4MDgwNDE=,MDEwOlJlcG9zaXRvcnkyMzMxMzkzMjc=,MDEwOlJlcG9zaXRvcnkyMzYxODI2NDk=,MDEwOlJlcG9zaXRvcnkyNDczMjg2OTI=,MDEwOlJlcG9zaXRvcnkyNDg1Mzc1NzM=,MDEwOlJlcG9zaXRvcnkyNDg1MzM3MTA=,MDEwOlJlcG9zaXRvcnkyNDMzNzY5NTc=,MDEwOlJlcG9zaXRvcnkyNDQyMTMzMDU=,MDEwOlJlcG9zaXRvcnkyNjM3MDAyNzQ=,MDEwOlJlcG9zaXRvcnkyNjQ1ODY1NjA=,MDEwOlJlcG9zaXRvcnkyNjY4OTYyMDg=,MDEwOlJlcG9zaXRvcnkyNjYwMDg0MjA=,MDEwOlJlcG9zaXRvcnkyNTA0MTgwNTA=,MDEwOlJlcG9zaXRvcnkyNTA3NjU1NzA=,MDEwOlJlcG9zaXRvcnkyNTg3MTQ0Nw==,MDEwOlJlcG9zaXRvcnkyNTI4MTA2MjI=,MDEwOlJlcG9zaXRvcnkyNTkzMTQ4OTg=,MDEwOlJlcG9zaXRvcnkyNTQwNDQ1MzQ=
MDEwOlJlcG9zaXRvcnk0MzI2MTE3MQ==,1.0,0.07225499179837161,1.1821440146327708E-4,4.5637399012478146E-5,0.14513650006172377,0.13968517922258325,0.046126852265234095,0.009043925318677084,0.0013822427660311303,0.03396243915493978,4.833097562696945E-5,0.007477476075596662,0.10185556578216584,0.024591201936300714,0.0069255521093056875,0.0815751407247769,0.048980399207108616,0.13209911203476857,0.0887593980175572,0.002731848125678094,0.07764040393629139,0.5448258607667861,5.682075824520638E-4,0.009101614030063154,0.14247379129287913,0.07125655424174906,0.0028914519625792222,0.29789637355884385,0.054613199284066764,0.11236759709354813,0.1523237645222927,0.017912934351322154,1.1821440146514936E-4,1.1821440146492531E-4,0.0723469398714348,0.05116978004575155,0.12072869690886892,0.058317490212707816,0.028239356845667717,0.06379359116278432,0.2692229492835094,0.14038132255480842,0.19665721989749474,0.1769546055382947,0.05174544371109372,0.023428682430097516,0.022895389104544042,0.005318250896504947,1.4681748663475407E-4,4.701306134643025E-4,0.028384923830212464,0.006387386766647347,0.41124500524185825,0.05974910837517402,0.01229544285457711,0.1590322615832168,0.011792108982783746,0.2665691188919342,0.047122632850999824,0.10439134819785902,0.25405764788847107,0.06551663450633491,0.18698854380440483,0.09259562192763114,0.07198201504786368,0.04111150566152934,0.1946997923587139,0.07796060397257186,0.010799644168526376,0.05292772553749287,0.15772869606550963,0.03151815241796615,0.006841432803414558,0.02962666494134135,0.17109543964357138,0.03980802778545604,0.3614076392837108,0.07984928641139911,0.0016222705491919314,0.051369796792732986,0.3345790273231165,0.05344231106938895,0.049175313603148044,0.00575283064540244,0.013687051540477049,0.05319604303439721,0.0068208968103406886,0.010722653581869766,0.03517153181084482,0.16149219607406348,0.04744023689447305,0.008056417252620608,0.10153287823462981,1.367491011935401E-4,0.11556222795966206,0.0016594321390673693,0.005349301462639755,0.0013937755274616506,0.21020501352121024,7.941335759706053E-5,0.008666592017793046,0.03988397704306622,0.01458086423250258,0.049570883645011186,0.026810174376304213,0.28205729330676316,0.11089594400253633,0.08576680539389969,0.009204621549854729,0.06499253771555845
MDEwOlJlcG9zaXRvcnk0MzYyODQ0Mw==,0.07225499179837161,1.0,0.4181601310600169,0.40653342922687924,0.46707582336384745,0.398944008318708,0.12314359087094622,0.41818271796282297,0.41229131982635553,0.46286085630083573,0.43470456163747706,0.07859813136416739,0.5565086828705957,0.15782292720508365,0.44223144771754813,0.47944116239267437,0.258542614509385,1.054359910241115E-6,0.24375983934050668,0.2587294452055139,0.052095608552270176,0.15367243750153897,0.41821918031922073,0.123850368680942,0.18410020391120188,0.24376963724042025,0.24432143175451748,0.311389492301954,0.16568245630369138,0.29252885201402495,0.09312016781508986,0.41653298914604264,0.4181601310599987,0.41816013105999966,0.2282867898452174,0.4609901698558763,0.2185692431149456,0.3743281205287246,0.43572970525422944,0.4151531818927515,0.2691486954339995,0.5205914184441249,0.09049315175781247,0.2921962100701769,0.4343705239835885,0.0837771102656068,0.4402138738167993,0.22363464619490495,0.41395549595430126,0.42069920055171783,0.41545834755897676,0.19874581074042205,0.1445675015106319,0.17415225955208286,0.18348780741855247,0.23714933655257608,0.4280824910310376,0.16850263911701482,0.16457409611108267,0.10706234823426417,0.23271657060931614,0.028962734303846528,0.29215501901571594,0.04203430918790114,0.4792241968320913,0.39400218095631484,0.42147113249617246,0.40836621143291446,0.003409434791306972,0.48217333086158715,0.28408534769233335,0.40067223787383394,0.21236383257532376,0.4065093452903517,0.32459122409749686,0.11373206816020258,0.17973477249302028,0.35411686127304587,0.3074589928207626,0.39959398745590285,0.5554791273016965,0.4394328971156427,0.23721466349258857,0.005558451898559921,0.2566622735340053,0.4616805360655104,0.005599098313998431,0.5749857759138843,0.39475115356245266,0.14617512602734303,0.44973041623880206,0.005647465848239431,0.04497282892364675,0.20608086354254582,0.1940421384733046,0.4577729573456961,0.09454810895514185,0.425458045839174,0.13890880747856552,0.034661541906937814,0.09024747122595252,0.2827974759301265,0.12551222226542114,0.14841854564056198,0.30112307681790024,0.1667437489983755,0.5037541634241791,0.4327203482458149,0.564770824565872,0.1588235689439308
MDEwOlJlcG9zaXRvcnk0OTg5Njg4MQ==,1.1821440146327708E-4,0.4181601310600169,1.0000000000000002,0.9621305418590792,0.8775821972682267,0.19129769003121191,0.1692519317232776,0.9900677061038987,0.9369487401904946,0.951833106106015,0.9209625279367727,7.110970545605723E-5,0.684221179116968,8.768533136534196E-5,0.9870446258075831,0.9108141018889729,0.22533950858740073,1.5027248966451363E-5,0.3923256625615134,0.5256944815994261,3.6285031362195795E-5,1.5698571359168835E-4,0.9996512091427098,0.006727315109379361,0.44043948596032967,0.4220196210410177,0.5843128887511084,0.7447261319000574,0.1899749446542153,2.4246887155662347E-4,2.3167231385639704E-5,0.9960786908788234,1.0000000000000004,1.0000000000000004,0.33474482968320485,0.9708897473750755,0.28032174153270756,0.8951983993083139,0.9737696231385612,0.9927650215827044,0.17360789091187315,0.7920456724560747,2.813676542121596E-5,0.5992683771136698,0.920788368673864,3.6635161901412723E-4,0.9570358444483147,2.668276419323168E-6,0.98995063163717,0.9976290144780531,0.9931776962247638,0.0020237108052544315,2.791864760523737E-5,0.05782872793608826,3.321442145176964E-4,0.2962725178534293,0.952090227351814,1.1844123707012514E-4,0.36316515349723144,0.16646108647404678,8.971807956004601E-5,1.959589051853051E-5,0.3835226417883543,0.10060827400762902,0.8859125207452783,0.9300600431036917,0.925789612262694,0.9161260248614589,1.8025426703714598E-4,0.7821800845981649,0.6177780271751363,0.900628572824275,1.506384291548406E-4,0.9692997064100354,0.6476548862511017,2.3387134920875858E-5,9.261944734553634E-6,3.6563121491403684E-5,0.65972452226118,0.7859163672893993,0.7336424734671704,0.9549618060972225,8.825346272347943E-5,2.413273279861056E-4,0.2877315657601002,0.9318598130247358,2.2472560808210905E-4,0.8861685470628992,0.9440469263244528,0.04426975572708392,0.9643828558921936,2.0560355701967732E-4,2.2190137737089073E-7,0.45683136670972796,0.3091304627406098,0.984881548381224,0.0991564801935477,0.8035664623554758,8.272334644070636E-6,0.04605574407193711,7.883404304960385E-6,0.4508773831267883,0.19358922433929523,0.1909817597109524,0.5486168235531319,1.3315134192989052E-4,0.9133860832182823,0.8302110125060891,0.9523662966807599,0.0842896746079826
MDEwOlJlcG9zaXRvcnk2NzQwMDg0OA==,4.5637399012478146E-5,0.40653342922687924,0.9621305418590792,1.0,0.8443240111055075,0.19009527189140393,0.16283395521124627,0.9525912721491303,0.9014292627128501,0.9157532072858248,0.8867508120480326,5.8943455278325654E-5,0.6724294611008665,7.772879493453504E-5,0.9497065230519192,0.8762839886060477,0.2575686220328021,2.223425840075768E-5,0.37799236425809546,0.5057114689216572,2.9370375987236694E-5,1.440381537295662E-4,0.961795084861015,0.02871470781057025,0.4240461010531058,0.40610995737740085,0.5621691143061232,0.7165459400498309,0.1827721398639561,2.2245092926408288E-4,3.7758649631609343E-4,0.9583339642657804,0.9621305418590873,0.9621305418590874,0.3220528741047881,0.9341033125718602,0.2696960733983635,0.8613093721514125,0.9368737975709621,0.9551768387682242,0.16702388704747076,0.7620146138019448,5.813386086800043E-5,0.5765560624233199,0.8858784994726352,0.08975675997728053,0.920868535810782,9.750579385056155E-4,0.9524576187817145,0.9598095787418424,0.9555507752405318,0.035627483759423734,2.0831485902830606E-4,0.05564167292858905,3.1336299546473633E-4,0.28718402281711713,0.9160080069307546,2.5049105594812737E-5,0.34941668031966255,0.16005242942145415,1.458297992419771E-4,1.1787545257459373E-5,0.3689712598012855,0.09701875134179694,0.855063335720415,0.8948701148477077,0.8906920439279953,0.8813961116328003,0.16247846324704165,0.7525351859155296,0.5942875932412343,0.8664417763285942,1.9108753239035264E-4,0.932478967172714,0.6230236222309342,2.5008462237382592E-5,2.01143272749547E-5,1.2141228390261917E-4,0.63472291467726,0.7561183156768356,0.7100533703394611,0.9186787315605515,8.864689939447084E-7,6.335949006495692E-5,0.276678256152505,0.8965045437103303,2.5016166771131073E-5,0.8527408141213723,0.9083381182023933,0.04263197907390933,0.9277627891860878,1.53734316967938E-5,1.0196090871783777E-7,0.4395218868560563,0.29757168206760004,0.9475274207680662,0.0954414666701045,0.7730271971098787,4.620279124647794E-5,0.04429789193305902,0.003115428906336434,0.43377331996257373,0.1861624777408064,0.18367088234352624,0.5279050847961169,8.213315216723155E-6,0.8793456047628372,0.7987376094303945,0.9163939754141425,0.0811750729295744
MDEwOlJlcG9zaXRvcnk2NzY0MDYwOQ==,0.14513650006172377,0.46707582336384745,0.8775821972682267,0.8443240111055075,1.0,0.3435207005074284,0.2019531293147639,0.8858216994809981,0.8493378882961492,0.8611462240802289,0.8186456508161343,0.01612390786246007,0.7193389760619188,0.2044835903329601,0.9034673263607007,0.9740862574143901,0.2387121731061108,0.13692190022315984,0.40123302398816374,0.46658367033954307,0.061765229814960826,0.2775181989451089,0.8786946961113419,0.012405295696876395,0.5116373008529421,0.4022654441039535,0.5259538835119935,0.661690552558196,0.2103152102939171,0.10531459483657889,0.16403986092766018,0.8741110734474925,0.8775821972682163,0.8775821972682165,0.36245888334763054,0.8706254389865486,0.3350384544377489,0.7856044237353798,0.899090289494546,0.8933139149671904,0.2657264181356839,0.818480719685032,0.09701836533058214,0.5691401827936177,0.8892473714197037,0.016200387590480245,0.8668372598730254,0.07842564639330955,0.8707651766706267,0.8775900635234024,0.8943508122513714,0.004818014112396959,0.24121161253131293,0.18989168335021767,0.15173932678407595,0.328887129976919,0.8711280937919084,0.07141381768112362,0.37354302253846394,0.20359286337603347,0.09192781610080386,0.03597001873234189,0.5311957029384254,0.13832210376438298,0.8189432298774676,0.8453449153237701,0.8897742257178739,0.860617344075121,9.475450158834473E-4,0.7571348383040751,0.6081904131124213,0.8108205870600286,0.24426634920879584,0.8580670351325281,0.7290602747744438,0.04790916147047971,0.06077626790061549,0.17341286296452083,0.6142216587214377,0.716935710916811,0.7492666868149006,0.8478024755280602,0.13056217495605996,7.007049347165027E-4,0.30544338059464865,0.8482863469656612,6.768535737313602E-4,0.8118127788719417,0.8399528676007613,0.19378769620349096,0.8955604127816451,6.485139995238264E-4,0.004154598852632917,0.4296321859980625,0.29693877499487775,0.886012281963817,0.104827631985727,0.7659430953731012,0.06303577974539092,0.046930130953985974,0.016871912957351676,0.4237080192715961,0.19051140405482558,0.22590719701956444,0.540664204598218,0.09088388662823617,0.8786274624688558,0.9607271444357568,0.8427436618062991,0.1623466141176538
MDEwOlJlcG9zaXRvcnk3MTcwMDU4,0.13968517922258325,0.398944008318708,0.19129769003121191,0.19009527189140393,0.3435207005074284,1.0000000000000002,0.1133158594128565,0.20328051574220243,0.1961184428528616,0.2090319829282777,0.2769290224090044,0.012966604870907,0.5183153767620944,0.15776591457361855,0.20229596155600713,0.3025779615102107,0.3610226953822146,0.3538070407511659,0.1422748541504757,0.10313154201260213,0.10149421140456714,0.03478646525793718,0.19230713811770583,0.10927696516769046,0.3741864519821057,0.14226058046246345,0.11463275320738309,0.15640744156609204,0.06359496770545064,0.10456715267331093,0.2661434676837726,0.19053933672175832,0.19129769003119104,0.19129769003119046,0.1597003007457021,0.1962211661046756,0.18738333248246591,0.17125176036957432,0.28550017162359304,0.21629021144560662,0.25416914537288066,0.24929439662932598,0.33017212812964725,0.15847886089560237,0.35074317607215394,0.0159569503816041,0.2556998026066777,0.057039951478115976,0.18937567190240323,0.19173793383164656,0.23206382407116055,5.053425640268158E-4,0.025242860983905786,0.15211217537212746,0.029235580364187604,0.17356288298528433,0.30970437801655076,0.14446166938878557,0.1592077476466986,0.23555089997098747,0.14740900734105522,0.060760379476804884,0.4380951545833364,0.10361415439531543,0.2661039295591555,0.2517079218134306,0.23643472984887234,0.19929944040541012,0.0010763756168063222,0.22070762243881267,0.23326212500907104,0.17675970713976966,0.04848201300608853,0.1935293424364887,0.4182054351548682,0.06679367421697119,0.03435669933721635,0.5278036713582841,0.13860479643857146,0.17420477193107067,0.3613619469928678,0.2611722623729407,0.16774122352643625,9.207649731269826E-4,0.09398280600692345,0.20737763956649233,9.11863120256715E-4,0.24897733914184345,0.19672748443887147,0.2001724220642896,0.21970784337442745,9.013507046707894E-4,0.0070136983782167935,0.09201087171780677,0.09367045236394966,0.20004316885619364,0.032734156314275634,0.19854087167050385,0.13652585401550374,0.02917815414452982,0.03599213898332593,0.119666487589724,0.05783854880482456,0.1889901029861577,0.46573472837135194,0.1940749800456631,0.35538522127663336,0.3581435046242491,0.27511921360935143,0.19259638087668973
MDEwOlJlcG9zaXRvcnk4NDcxNjQyNA==,0.046126852265234095,0.12314359087094622,0.1692519317232776,0.16283395521124627,0.2019531293147639,0.1133158594128565,1.0000000000000002,0.21092294527668334,0.1690329727967979,0.21580230397654615,0.16484217219507463,0.002496717399872314,0.18475328216283696,0.1620097426360606,0.1933310298240541,0.20704770662031743,0.08935368133377945,0.044734584404418916,0.15992252351717098,0.09157999131979723,0.11559537827405343,0.08659266054811215,0.16944645463576113,0.014282567787674774,0.11934620718891395,0.076196347712791,0.10009933409994465,0.14281101344107244,0.03215234565114619,0.06663861617565339,0.1089260407934211,0.16858201977022175,0.16925193172326922,0.16925193172326924,0.0972559465046975,0.16431638354545006,0.11539929524363388,0.15151621733251333,0.18129163292567613,0.1709222560782424,0.18126503611361675,0.19607992545270178,0.1390115112563299,0.1566038310952092,0.19368008215837984,0.0038085701805793677,0.17009875095459553,0.0032548695158208904,0.1675495026787432,0.16900324926799487,0.17116107376168863,0.009479726899448135,0.06374442566849577,0.05676784654397326,0.07431906074215418,0.141474766233723,0.19974887236363348,0.153387890372314,0.0840007587408633,0.07153318917611974,0.14061375997803344,0.025803409758243266,0.13469445640036523,0.05287703872997109,0.19678657786064355,0.20051474649200152,0.17708232504610963,0.16569962848813935,5.109515863656228E-4,0.15935871584669764,0.12970304388665652,0.15243401343885538,0.12041459740443018,0.1649701261009917,0.1808475778646888,0.03235717774224453,4.1892636304372966E-5,0.061651033533283564,0.44105832911705356,0.16680235329656828,0.2139221269306297,0.18933748749613805,0.01467832032694949,5.716724207574975E-4,0.053539632503039926,0.16074242067804492,5.754257148761759E-4,0.14994976688879158,0.16663576234345678,0.07647727101711532,0.16800060001458197,5.797027747090484E-4,1.284124729765694E-7,0.0863875545787779,0.06367152294311657,0.1698602218365008,0.017966006524444866,0.13598335575972068,0.1282787793274369,0.00779274734679965,0.0020625649260415154,0.0992014519857449,0.037659558854480725,0.07560664763648625,0.1474328274574215,0.15662757369362576,0.2199436025825626,0.18477885029643543,0.16891586818654897,0.12489428628845538
MDEwOlJlcG9zaXRvcnk4NjE3NjkwMQ==,0.009043925318677084,0.41818271796282297,0.9900677061038987,0.9525912721491303,0.8858216994809981,0.20328051574220243,0.21092294527668334,1.0000000000000002,0.9375283655457605,0.9466189196131234,0.9118305999217287,0.005462087032536288,0.6922887774503762,0.008753453203343873,0.9817808903806735,0.9221303116671756,0.22532664704498512,0.004703372672926528,0.39779824017531984,0.5223149998089587,0.057786370748662226,8.250844127180288E-4,0.9907147225633941,0.040274780213127005,0.481427261832459,0.4453249175703493,0.5810071809508319,0.7380736573864951,0.23627121180455424,1.4678932974776296E-4,0.02621450066396995,0.9862518354907078,0.9900677061038952,0.9900677061038953,0.33278560605757823,0.9635419346236669,0.2789411794942685,0.9167220358094132,0.9713906635816135,0.9829345588905902,0.1732620148408453,0.7841688520035263,0.01841150308656166,0.5945108570724502,0.9378755826001257,0.007543197691629966,0.9641929491342331,0.0039038488057716973,0.9801302643435701,0.9880442353761446,0.9862096045039941,0.017219322241553755,4.08281013572951E-4,0.06519324030837029,8.867617763657554E-4,0.29477610528768877,0.94264321851303,3.7409942432789386E-4,0.37821124326434313,0.21938862752258909,0.0020616438191104402,0.05208633375330757,0.41449162576273424,0.17142764549456405,0.8826812917871704,0.940755092388776,0.9378855108529236,0.9247334933334539,0.0020457099873405354,0.7946924093405349,0.6109543978422046,0.8918520291615523,0.0018287040751190698,0.9625468610928056,0.6410827322686417,0.02510532909777397,9.89361592262318E-4,7.157114582206004E-4,0.6936566217606561,0.7882154007055128,0.7341261829987877,0.9589284606084881,0.00862125036828834,0.004914726134614755,0.30426008365932516,0.9373674325628671,0.004968328212404725,0.8778929446531564,0.9575790980698328,0.04357330140990691,0.9815765663405126,0.005029940992181203,0.026707212524176002,0.45256635347647245,0.3113847823371396,0.9753699047808082,0.10753669917559544,0.8216196044523486,4.851539428534876E-5,0.050335787724826074,9.27135709379434E-5,0.4509687749506764,0.21115279801571868,0.1890599588842706,0.5569838173399642,2.787380109076229E-4,0.9173436250689041,0.8402149799421784,0.9471798491720639,0.08926234561022248
MDEwOlJlcG9zaXRvcnk4NTc4MjAxNQ==,0.0013822427660311303,0.41229131982635553,0.9369487401904946,0.9014292627128501,0.8493378882961492,0.1961184428528616,0.1690329727967979,0.9375283655457605,1.0,0.9600765291108944,0.8633691841886358,0.008536646689678087,0.6533423099771425,0.05985872981717615,0.925583703829158,0.8905895281438765,0.30511661428237263,2.6805226345267894E-7,0.38499466583527475,0.4925943521707428,0.012020333935596834,0.003909675357850791,0.944172554827438,3.0287311023656147E-4,0.4128301501970308,0.4035565201717831,0.7767972560782428,0.7720570525718684,0.21878697387183824,0.05279501902706515,0.00264858490127446,0.9332415500010834,0.9369487401905046,0.9369487401905044,0.3208599288476419,0.9222936242939322,0.2710046152216526,0.838760676539148,0.9323137666469908,0.9440325867682791,0.2366293356937312,0.7739892488091745,0.0029040067750705527,0.7780544103443896,0.9112081262980338,2.455233236433672E-4,0.9059187426094804,0.0510058349209066,0.9675281962162235,0.9541362955710538,0.930496311406842,2.014773746503797E-4,0.0028699714241496553,0.07875780087185781,0.0033627244694856657,0.29519756557074833,0.9039999990296176,0.005400574836993509,0.37482834514497676,0.2449985878376723,0.023132817011019144,7.024329743374145E-8,0.40521756583997987,0.09440789677329944,0.8753633853658045,0.8991132444180862,0.8980147833440135,0.973683101207385,4.711934284387448E-6,0.7651129973320525,0.5797529232872258,0.8492290674283803,0.005445873481174122,0.9763875727183945,0.6085452362801462,7.885218513552717E-4,0.041287203064828394,0.001028040976019414,0.7282034610655402,0.7979489923717416,0.6924046205318984,0.8947003373473021,0.054496296128477596,8.907361362731077E-6,0.3008537419479375,0.894650593784996,8.93314554533726E-6,0.912204053222309,0.9226945296040829,0.10032899491571111,0.9255590991197277,8.968092383016563E-6,0.002817902649782523,0.6798033169407515,0.3045163253990172,0.9463303079769682,0.100433387810806,0.7941111521249353,0.00459122905997754,0.04759137443541302,0.010555922641650851,0.4335459886936352,0.1906765416361862,0.18433163276964054,0.5316094386220649,0.0053452532862062925,0.884158722141421,0.8029011136697441,0.9031431314404937,0.0927386656800406
MDEwOlJlcG9zaXRvcnk4NTUxMTU4Mw==,0.03396243915493978,0.46286085630083573,0.951833106106015,0.9157532072858248,0.8611462240802289,0.2090319829282777,0.21580230397654615,0.9466189196131234,0.9600765291108944,0.9999999999999999,0.8815184493447258,0.02968266620827609,0.6760132142904192,0.06572572016186636,0.9395319203776943,0.8915542631577696,0.3220341110779664,0.011270221049858893,0.4042550989373748,0.5005067756395091,0.04095207323952038,2.4159802748599686E-5,0.9564862122733486,0.025219429947128745,0.42152122182477897,0.4297331843160445,0.7176831276139068,0.7725916899664819,0.22676980006889105,0.2117780721409509,0.01637540488033125,0.9488055592827983,0.9518331061060107,0.9518331061060104,0.35936238792966185,0.9698599726918136,0.3237447825041826,0.8522671695369229,0.9564862402727142,0.9546405733299903,0.31893751221291716,0.8575735775421157,0.06079976518641811,0.7381603575726527,0.9150464431776748,0.007759558011549332,0.9428932183785843,0.1762009351646889,0.9704359251088401,0.965499451560433,0.9453340067272027,0.009144706361465017,0.0043149015066416135,0.13691684356898878,0.0013031552987909818,0.35273074653471015,0.9197376740435297,0.08808656183467074,0.36959753832110387,0.23168853132610864,0.14519931746485626,4.817969960429204E-5,0.44918119292809966,0.0959575289787544,0.9316272573903325,0.9048306174880731,0.91610495224029,0.9511669291644682,0.010573314860645347,0.8624733573631004,0.5903922499188193,0.8764414367249561,5.566708816529661E-4,0.9697711639609287,0.6446678236255081,2.6848707580628213E-4,0.1583246100016616,0.0010244581494369652,0.7477140781271235,0.8215739516092441,0.7471265962857573,0.9091149102417534,0.1894871445070458,0.010737517508235645,0.35049462680877186,0.9488681591353485,0.010757433362424575,0.9533686949567917,0.9255318779029178,0.06782790362149416,0.9175314698451918,0.01077778186610616,0.009740863504112268,0.6133352036383705,0.3495352592449661,0.9802010107750811,0.10017366270643081,0.8185292433519344,0.07370446620848425,0.04384801910769806,0.03590874946325009,0.47702576860879425,0.18450209306511667,0.20918479671088905,0.5414984880461655,0.08762965415320668,0.9111928682899973,0.8045878092432093,0.9136545255011026,0.14812202832621332
MDEwOlJlcG9zaXRvcnk4Nzc0MzQzNA==,4.833097562696945E-5,0.43470456163747706,0.9209625279367727,0.8867508120480326,0.8186456508161343,0.2769290224090044,0.16484217219507463,0.9118305999217287,0.8633691841886358,0.8815184493447258,1.0,3.953455079603198E-5,0.6630939839896419,0.008783267798893584,0.91102185563389,0.8586009623880547,0.2762471430240881,2.6776663762964974E-5,0.36904659741773044,0.4851590783818706,1.8580066513865123E-5,0.010117197661765106,0.9206409815620702,0.007285419421256501,0.4058806660647356,0.3887139413406675,0.5381212085503883,0.7126605627730146,0.17495274507027392,8.762264156162541E-5,0.003676527126330064,0.9172990871690822,0.9209625279367786,0.9209625279367777,0.30827492580743393,0.894144891940442,0.263679848478194,0.8244395444946346,0.9094467419711932,0.9160132802116677,0.1615548907500466,0.736624469087367,0.007503707200280894,0.5522130992368418,0.853517732310447,0.010006160222134812,0.8813755218243442,8.006135420024932E-4,0.9117050823721702,0.918743365946318,0.9146187575409227,0.00844373633768616,0.006690331041446922,0.05648233972756279,0.009079282498543324,0.2734366304379614,0.8860246546980765,8.722094232691141E-6,0.33530808706157567,0.16763302043152953,2.6788342339503296E-4,1.10084983151677E-6,0.3532877113422429,0.09278746096397415,0.83443237488698,0.8565853722181831,0.8544906147758767,0.8476441510099542,1.3528274849538527E-4,0.7203375977573309,0.6102187419270492,0.8292967888298866,0.01423940612971984,0.8929496165140052,0.5964916363070949,0.014352214550528186,6.594164279563073E-5,0.05616893919645734,0.6088970028836482,0.7243632911122617,0.6996287984967828,0.8794568455614808,4.42076251858848E-5,2.547497625816428E-4,0.2648562271151921,0.8591434191632095,2.422923543357035E-4,0.8347031878809026,0.8694532531021067,0.16133187069584504,0.890826005182921,2.2776509844540395E-4,1.1671751248818327E-7,0.4215770236188048,0.28480491862544766,0.9072878762684172,0.0914856002578903,0.7399578949320813,0.03334404403755443,0.04240575875102088,0.03961348226750742,0.41521432488117876,0.17819872995689057,0.17960060206099138,0.5282519096236648,1.3440022411097968E-5,0.8474567894466756,0.8207517934286801,0.9025629002335186,0.08233316562692973
MDEwOlJlcG9zaXRvcnk4Nzg0ODQwMQ==,0.007477476075596662,0.07859813136416739,7.110970545605723E-5,5.8943455278325654E-5,0.01612390786246007,0.012966604870907,0.002496717399872314,0.005462087032536288,0.008536646689678087,0.02968266620827609,3.953455079603198E-5,0.9999999999999999,0.012250342648306508,0.011712588524311784,0.004810468210360266,0.01712251527765464,0.031731348795245834,0.003937419968613004,0.010424557549396897,0.8398729829950481,0.08639924904815505,1.0267520195707294E-5,5.765247938316625E-4,0.011809801745768468,0.04434827722159167,0.7947811927509487,0.002406170371283516,9.393345477137058E-5,0.772413850705212,0.1297519236600379,0.02688433032933913,1.9999520816119154E-5,7.110970543882567E-5,7.110970543815315E-5,0.5170199343820154,0.03413866417779309,0.11968979047547032,0.022387254609657063,0.01948842504283279,7.10779689532342E-5,0.023131238531598895,0.06269553883182796,0.01766471359077358,0.0016798363955993479,0.00982778265051073,0.0012515208754662022,0.03958612978102869,0.13492538292953468,6.503991891848429E-5,0.0023764455746508066,0.00250744108250711,0.00785180467482445,0.0020658649126679913,0.07132179566100351,2.485979347295765E-4,0.007317388921719814,0.001423240170884463,3.168287277816371E-4,0.01768999101665096,0.049125438826488683,0.04372669707451075,0.7345609770848807,0.047950664041149144,0.07084747457558489,0.037985169557078285,0.019542061536956118,0.03479950433588111,0.007682789988290384,0.0019312336683842257,0.10044969057433699,3.097892958319538E-4,0.013901267203071544,5.257126894108985E-4,7.080905679260661E-4,2.740226966524429E-4,0.0940396381469884,0.10702813118939271,3.036454229952406E-4,0.011147815010373348,0.5724255324237006,0.005239287241047912,0.013729682979706961,0.14734336439153292,0.0022341145816337383,0.9167587161763494,0.05307085383356918,0.002345442049576182,0.04891067392447875,0.020334086333331707,0.006757368874874188,0.001585646128432776,0.0024703143173273783,0.7989592459301731,0.0017611590964046347,0.04344773460639683,0.024565217011803697,0.9767160530450176,0.3039383288806703,4.329192647884753E-4,0.31824323745747585,0.9794686941347338,0.65457197376539,0.9635965447484157,0.011937830958115797,0.01033870326919314,2.9983947201134276E-4,0.01684467978306732,0.009507320314719608,0.003687831740889472,0.030401136291526718
MDEwOlJlcG9zaXRvcnk4NzU1NjgxNw==,0.10185556578216584,0.5565086828705957,0.684221179116968,0.6724294611008665,0.7193389760619188,0.5183153767620944,0.18475328216283696,0.6922887774503762,0.6533423099771425,0.6760132142904192,0.6630939839896419,0.012250342648306508,1.0,0.17614102504847112,0.6973371766503995,0.7240982131136464,0.4465956096468628,0.34914540898373386,0.33700953617087326,0.36350107812610966,0.1218147447889946,0.06874123973338712,0.6852266834140837,0.014525241328811021,0.5962614717877445,0.34631296798049777,0.4034850038100164,0.5199315817760736,0.15360897005818985,0.10873611245826373,0.27705525075130155,0.6815075185915945,0.6842211791169394,0.6842211791169408,0.2815728864953451,0.6710966268357809,0.2861497977473636,0.612520628552631,0.7436281791899777,0.6945294146034159,0.36296368251555217,0.6134522229202711,0.24406971931035487,0.4465495475069621,0.7384485910111652,0.005693603578988766,0.6845376824136293,0.09753409784195217,0.6773400712783229,0.6830167667794986,0.7107042802420288,0.05421053433176622,0.07396864424325128,0.18887035382706957,0.05858017505289712,0.3389377057376041,0.6868884175632425,0.18809578390987378,0.3445147677396323,0.1541778972333746,0.18280282684271504,0.07901294270708237,0.6204482334170284,0.17870990983664684,0.6905147333234043,0.70791674345614,0.6739179633307941,0.6494825216394069,3.5794077585221256E-4,0.607471012516813,0.5184925412343667,0.61932485761666,0.09515234714023714,0.6665209513018966,0.7247115350013957,0.09597584645604634,0.02226995020034256,0.4723065037083861,0.49823667273748484,0.5505718793959722,0.7279885719389224,0.6871662833469516,0.14944826164488784,6.11261141807896E-4,0.23254821396088193,0.6486972924340046,5.431257463143719E-4,0.6968107673501281,0.6669431487701654,0.1376817859361622,0.6968403664542309,4.6347290725592955E-4,0.001519023405965606,0.3202153565231977,0.22937488547739068,0.6835374495442801,0.07528623408017109,0.5830714832406264,0.15494220933484534,0.03722440623933075,0.022348611253978044,0.419276142268752,0.15649865070953853,0.1768384149568034,0.48633907017841194,0.23488915621345163,0.7257821833760232,0.6744602075346847,0.7541625511235257,0.12474355261479861
MDEwOlJlcG9zaXRvcnk4ODQzMDcyMQ==,0.024591201936300714,0.15782292720508365,8.768533136534196E-5,7.772879493453504E-5,0.2044835903329601,0.15776591457361855,0.1620097426360606,0.008753453203343873,0.05985872981717615,0.06572572016186636,0.008783267798893584,0.011712588524311784,0.17614102504847112,1.0,0.11153401790798927,0.19159572800452185,0.10578660710732515,0.30885981136639085,0.07475567723795896,0.009648888348186519,0.2906516684398588,0.4632996530670613,0.004218867235538663,0.12919832690736502,0.150262989867856,0.04393842354773733,0.12689768804385534,0.0334936276093542,0.036224949390636786,0.07152721471712507,0.3142514618441649,9.035023705640063E-4,8.768533136675668E-5,8.768533136613555E-5,0.007513461273543856,0.016748836796179268,0.01358349772678601,2.479559703525259E-4,0.0746295616832024,0.01612077689551597,0.10272169389956319,0.2216248553926564,0.19495435814398368,0.13176258650800196,0.06575056162751543,0.03273639919908311,0.013134216978870267,0.06955222536945316,0.022055381477198256,0.011271134776398278,0.01807654175209405,0.09990953429143204,0.3416757720912403,0.2314354390383177,0.3933294238845374,0.023236179531554917,0.06572142051597962,0.001220293201481677,0.09930564036487718,0.11463572603097145,0.016640348078417053,8.44536206092966E-5,0.23671036790401026,2.4909601381456817E-4,0.08881422309189826,0.13049666416904915,0.033142285632841106,0.07433735710563685,0.02638228600359454,0.04488588338734964,0.14234990334933442,0.006707270535606284,0.6435773285781694,0.04015519255167381,0.14853091826684423,0.1859158260761568,0.053015990031893154,0.2898194696912592,0.12104714057217267,0.04437025782338802,0.03998038699479682,0.06496104126414737,0.1461163858739641,0.04298890175165744,0.037769038344532664,0.03729262625261743,0.04240210626166666,0.05891439315718039,0.021085790863464293,0.20527781758132047,0.035397022048126794,0.04173734224772236,0.0038441623882041996,0.1826740592648773,0.037917060220534426,0.03504621486268979,0.013046353004249228,0.04232143184379405,9.598880244070472E-4,0.003932602369002593,0.013165552881112826,0.013940909946818082,0.007677812459315412,0.12747110441574616,0.08737821356798435,0.03362150123359001,0.09344393302832892,0.18024885636331567,0.02133815042903787,0.15338942868304684
MDEwOlJlcG9zaXRvcnk5MDI0NDc4OA==,0.0069255521093056875,0.44223144771754813,0.9870446258075831,0.9497065230519192,0.9034673263607007,0.20229596155600713,0.1933310298240541,0.9817808903806735,0.925583703829158,0.9395319203776943,0.91102185563389,0.004810468210360266,0.6973371766503995,0.11153401790798927,0.9999999999999999,0.9355495269582814,0.22997636905012958,0.006382322205927928,0.40362429535347727,0.5225156582537026,0.07956580747068487,0.0983650871770189,0.9871721840107681,0.027644720727215293,0.47596950408807076,0.4353587153557105,0.5792276588448226,0.7351777597520214,0.20728812793212803,8.678992220504039E-4,0.05779810536586318,0.9832474980060452,0.9870446258075883,0.9870446258075887,0.33078872279523536,0.9600108212080765,0.2770822880850816,0.9045200260821861,0.9661800613399356,0.979871677306122,0.17638060919801635,0.8236551703047847,0.016529547993154464,0.5948024652712992,0.9090129693116299,0.019833951448721878,0.959373372664171,0.0036047437967133495,0.9771698423065607,0.9849412484795629,0.9828314808284075,0.012335213214672625,0.07365016221679654,0.10059045616902412,0.08714018899665316,0.2934338762131691,0.9530613357092966,2.4899673120790735E-4,0.3841439148246701,0.21595444014857498,0.001458322703852867,0.047862958413253075,0.38327341613344046,0.16526269434994395,0.8821773015635963,0.9454991795975864,0.9336639848048977,0.9052454261369333,0.0015619509715624226,0.7907451695715889,0.6267222148872711,0.8882985687703624,0.13814596622759145,0.9565616443095591,0.6423639638816274,0.04142509242891847,0.0015745376652501158,0.02782093107016024,0.6689370274033655,0.7756826744802024,0.7319947181851978,0.9617907427110524,0.0076813271970588605,0.0034828356339144544,0.29306856216868843,0.9300215942896258,0.00339960331052244,0.874364349974895,0.9507740962397841,0.06851515583281843,0.9587964634333539,0.003305081897985115,0.018383505611319115,0.4603667253755269,0.3127168107844585,0.9753431622779075,0.10159642513082173,0.7930574512376208,6.321104702690716E-5,0.04545820780264737,2.1546601065504392E-4,0.44929323972975294,0.2001529616543906,0.1942220693695359,0.5411386680351989,2.550790245433344E-4,0.9233122738463289,0.852614982168287,0.9454708086922878,0.09470299046475361
MDEwOlJlcG9zaXRvcnk5MjYzMjQ4Ng==,0.0815751407247769,0.47944116239267437,0.9108141018889729,0.8762839886060477,0.9740862574143901,0.3025779615102107,0.20704770662031743,0.9221303116671756,0.8905895281438765,0.8915542631577696,0.8586009623880547,0.01712251527765464,0.7240982131136464,0.19159572800452185,0.9355495269582814,1.0,0.24662405196077072,0.09046181535138353,0.4061122718865262,0.4840679985739873,0.06795519294279295,0.2295529944555137,0.9124604612938524,0.004018081544821317,0.49911443946414025,0.4097894928126728,0.5566657971268302,0.694732470849953,0.22334001467314193,0.0849371653512677,0.12803029215355163,0.9072091309214404,0.9108141018889669,0.9108141018889673,0.33321530862868926,0.903540016483298,0.2927064560053865,0.8153655029128876,0.9250876919470444,0.9195769578468908,0.21757076862731548,0.8321752139431455,0.05258392628461405,0.5949597696731435,0.9119306578213526,0.0018309031254525661,0.9012170309066161,0.08111625295640885,0.9055809449659568,0.9116863727522432,0.9164404758933614,0.0016275038765404379,0.2084161573262247,0.18235178845196864,0.1450486269700195,0.29899596667439426,0.8954379535867182,0.018608827085510364,0.38002757023243267,0.2011040767059381,0.044127135081440526,0.04229266577229802,0.5000118418397711,0.15047351554056015,0.8416822824200096,0.8751860411405736,0.9005624795632122,0.8965663712921359,2.7308034865611313E-4,0.7811349195153924,0.6191654135697985,0.8325212561089738,0.23480781873552903,0.8940242691031579,0.6871610054356012,0.050311981583658766,0.0629047720296221,0.13838931591475895,0.6411872983129147,0.7471715423679398,0.7233115344962788,0.8810938213968535,0.11876660016258851,3.1649350360411993E-4,0.32004945306697796,0.8777025151051401,3.1673792165274825E-4,0.8487167095954756,0.874842112940378,0.17200840633498438,0.9315497651394153,3.169920778148443E-4,0.004294607585925816,0.4564118375953113,0.3085070899929884,0.9190833235115141,0.10697565276482492,0.8011653679610883,0.019688210156266713,0.04982099784656883,0.020845987855927877,0.4327381473276399,0.20088695991527525,0.20514978007978,0.5453780463487219,0.03158723494477899,0.8967628065656009,0.936489767930997,0.8801767327165171,0.13296291654071837
